"z"
0.058
0.0928804133237906
0.127760826647581
0.162641239971372
0.197521653295162
0.232402066618953
0.267282479942744
0.302162893266534
0.337043306590325
0.371923719914115
0.406804133237906
0.441684546561696
0.476564959885487
0.511445373209278
0.546325786533068
0.581206199856859
0.616086613180649
0.65096702650444
0.685847439828231
0.720727853152021
0.755608266475812
0.790488679799602
0.825369093123393
0.860249506447183
0.895129919770974
0.930010333094765
0.964890746418555
0.999771159742346
1.03465157306614
1.06953198638993
1.10441239971372
1.13929281303751
1.1741732263613
1.20905363968509
1.24393405300888
1.27881446633267
1.31369487965646
1.34857529298025
1.38345570630404
1.41833611962783
1.45321653295162
1.48809694627541
1.5229773595992
1.557857772923
1.59273818624679
1.62761859957058
1.66249901289437
1.69737942621816
1.73225983954195
1.76714025286574
1.80202066618953
1.83690107951332
1.87178149283711
1.9066619061609
1.94154231948469
1.97642273280848
2.01130314613227
2.04618355945606
2.08106397277985
2.11594438610364
2.15082479942743
2.18570521275123
2.22058562607502
2.25546603939881
2.2903464527226
2.32522686604639
2.36010727937018
2.39498769269397
2.42986810601776
2.46474851934155
2.49962893266534
2.53450934598913
2.56938975931292
2.60427017263671
2.6391505859605
2.67403099928429
2.70891141260808
2.74379182593187
2.77867223925567
2.81355265257946
2.84843306590325
2.88331347922704
2.91819389255083
2.95307430587462
2.98795471919841
3.0228351325222
3.05771554584599
3.09259595916978
3.12747637249357
3.16235678581736
3.19723719914115
3.23211761246494
3.26699802578873
3.30187843911252
3.33675885243631
3.37163926576011
3.4065196790839
3.44140009240769
3.47628050573148
3.51116091905527
3.54604133237906
3.58092174570285
3.61580215902664
3.65068257235043
3.68556298567422
3.72044339899801
3.7553238123218
3.79020422564559
3.82508463896938
3.85996505229317
3.89484546561696
3.92972587894075
3.96460629226455
3.99948670558834
4.03436711891213
4.06924753223592
4.10412794555971
4.1390083588835
4.17388877220729
4.20876918553108
4.24364959885487
4.27853001217866
4.31341042550245
4.34829083882624
4.38317125215003
4.41805166547382
4.45293207879761
4.4878124921214
4.52269290544519
4.55757331876899
4.59245373209278
4.62733414541657
4.66221455874036
4.69709497206415
4.73197538538794
4.76685579871173
4.80173621203552
4.83661662535931
4.8714970386831
4.90637745200689
4.94125786533068
4.97613827865447
5.01101869197826
5.04589910530205
5.08077951862584
5.11565993194963
5.15054034527343
5.18542075859722
5.22030117192101
5.2551815852448
5.29006199856859
5.32494241189238
5.35982282521617
5.39470323853996
5.42958365186375
5.46446406518754
5.49934447851133
5.53422489183512
5.56910530515891
5.6039857184827
5.63886613180649
5.67374654513028
5.70862695845407
5.74350737177786
5.77838778510166
5.81326819842545
5.84814861174924
5.88302902507303
5.91790943839682
5.95278985172061
5.9876702650444
6.02255067836819
6.05743109169198
6.09231150501577
6.12719191833956
6.16207233166335
6.19695274498714
6.23183315831093
6.26671357163472
6.30159398495851
6.3364743982823
6.3713548116061
6.40623522492989
6.44111563825368
6.47599605157747
6.51087646490126
6.54575687822505
6.58063729154884
6.61551770487263
6.65039811819642
6.68527853152021
6.720158944844
6.75503935816779
6.78991977149158
6.82480018481537
6.85968059813916
6.89456101146295
6.92944142478675
6.96432183811054
6.9992022514343